mean sentiment accuracy = 0.0314, 0.1740544022349804
gpt2 perplexity, gpt2 total perplexity = 81.50527328740516, 70.02203886631605
dist-1 = 0.5907347044518009
dist-2 = 0.8329926747771086
dist-3 = 0.8738173029207599
