mean sentiment accuracy = 0.0696, 0.2544668330264642
gpt2 perplexity, gpt2 total perplexity = 36.0671466840821, 32.48874640566241
dist-1 = 0.6293615029503814
dist-2 = 0.8579946088729861
dist-3 = 0.8857475841695023
