mean sentiment accuracy = 0.414, 0.4925484747717732
gpt2 perplexity, gpt2 total perplexity = 11.792691635387682, 11.010964177577247
dist-1 = 0.8515691483948999
dist-2 = 0.9519451273282645
dist-3 = 0.944500691300048
