mean polite negative ratio = 0.1, 0.30000000000000004
gpt2 perplexity, gpt2 total perplexity = 12.110887868678628, 11.677617977850044
dist-1 = 0.6835122515080454
dist-2 = 0.850520001922752
dist-3 = 0.8640702353716547
