mean sentiment accuracy = 0.0372, 0.1890119080071103
gpt2 perplexity, gpt2 total perplexity = 77.34807732573209, 65.85222478668062
dist-1 = 0.5901302842563717
dist-2 = 0.8309062364493529
dist-3 = 0.8705451699870947
