mean sentiment accuracy = 0.226, 0.4182391660282428
gpt2 perplexity, gpt2 total perplexity = 13.478681489333452, 12.70204601554282
dist-1 = 0.8596487214195172
dist-2 = 0.9604554354898248
dist-3 = 0.9508464154872909
