mean sentiment accuracy = 0.3296, 0.4700186128726345
gpt2 perplexity, gpt2 total perplexity = 9.029834779441922, 8.602095991635291
dist-1 = 0.7267886667787851
dist-2 = 0.8889529180469153
dist-3 = 0.8956129140525698
