mean sentiment accuracy = 0.1587, 0.36532943910008797
gpt2 perplexity, gpt2 total perplexity = 17.742611887079022, 16.37692712995316
dist-1 = 0.6830189787405336
dist-2 = 0.8837693081033727
dist-3 = 0.8979726076930198
