mean sentiment accuracy = 0.996, 0.06293871740033147
gpt2 perplexity, gpt2 total perplexity = 61.959547256139494, 51.240507016644685
dist-1 = 0.6259792462304428
dist-2 = 0.8600937801718744
dist-3 = 0.8786987419408291
