mean sentiment accuracy = 0.9958, 0.06398802534623907
gpt2 perplexity, gpt2 total perplexity = 16.915769452773954, 15.879637639703155
dist-1 = 0.7045316704641033
dist-2 = 0.8814146255245981
dist-3 = 0.8887927836867835
