mean sentiment accuracy = 0.26080000000000003, 0.43904242773374824
gpt2 perplexity, gpt2 total perplexity = 10.527097785381628, 9.825709301482357
dist-1 = 0.6899259293516508
dist-2 = 0.8654868013891169
dist-3 = 0.8811598328965651
