mean sentiment accuracy = 0.725, 0.44644546605158575
gpt2 perplexity, gpt2 total perplexity = 17.71313759018093, 13.978028044942072
dist-1 = 0.6749114865760041
dist-2 = 0.841578011166893
dist-3 = 0.8580574857352151
