mean sentiment accuracy = 0.9803, 0.1389631060785403
gpt2 perplexity, gpt2 total perplexity = 31.74576000153185, 29.950007145283593
dist-1 = 0.6733400115109179
dist-2 = 0.8876172015949163
dist-3 = 0.9035689022916946
