mean sentiment accuracy = 0.552, 0.4972886485734417
gpt2 perplexity, gpt2 total perplexity = 8.697614768440515, 8.304776859860414
dist-1 = 0.8658653946731981
dist-2 = 0.9498580537465854
dist-3 = 0.9399080520825926
