mean sentiment accuracy = 0.992, 0.08905591824208965
gpt2 perplexity, gpt2 total perplexity = 132.87221156965762, 121.05928915923168
dist-1 = 0.561231364423636
dist-2 = 0.8419227944527702
dist-3 = 0.8837063759315246
