mean sentiment accuracy = 0.226, 0.4182391660282428
gpt2 perplexity, gpt2 total perplexity = 26.941953749934044, 22.240304395555032
dist-1 = 0.8360703765800941
dist-2 = 0.9518087697907682
dist-3 = 0.9464603360265672
