mean sentiment accuracy = 0.08, 0.271277171215656
gpt2 perplexity, gpt2 total perplexity = 41.60654455897716, 36.06905599984519
dist-1 = 0.621863678366914
dist-2 = 0.8472141875659667
dist-3 = 0.8750814515236234
