mean sentiment accuracy = 0.682, 0.46569947390994554
gpt2 perplexity, gpt2 total perplexity = 8.034984299692203, 7.697480530403711
dist-1 = 0.8661242745385737
dist-2 = 0.9530385822702454
dist-3 = 0.9432350548286142
