mean sentiment accuracy = 0.2238, 0.41678951814310805
gpt2 perplexity, gpt2 total perplexity = 11.612580646173729, 10.837322966584514
dist-1 = 0.6789263361721117
dist-2 = 0.8568739023176051
dist-3 = 0.874872438703218
