mean sentiment accuracy = 0.2064, 0.4046907690779171
gpt2 perplexity, gpt2 total perplexity = 13.614369920848496, 12.638584748643622
dist-1 = 0.6898095143610345
dist-2 = 0.8685766437879451
dist-3 = 0.880421709230769
