mean stance accuracy = 0.22, 0.41424630354415964
gpt2 perplexity, gpt2 total perplexity = 13.990182366599589, 13.201505671696284
dist-1 = 0.6040653694990616
dist-2 = 0.7710310483572607
dist-3 = 0.7824542165345081
