mean sentiment accuracy = 0.3095, 0.46208975786928236
dist-1 = 0.657979437363939
dist-2 = 0.797144295489622
dist-3 = 0.8069965782849069
