mean sentiment accuracy = 0.756, 0.42949272403615874
gpt2 perplexity, gpt2 total perplexity = 19.63498758254717, 18.67679533087649
dist-1 = 0.8551911711998854
dist-2 = 0.9685240060293135
dist-3 = 0.9550704300415681
