mean sentiment accuracy = 0.0377, 0.19046518620619768
gpt2 perplexity, gpt2 total perplexity = 23.207641347934533, 21.648198826743492
dist-1 = 0.7017926510700594
dist-2 = 0.894467484849904
dist-3 = 0.9038423575910186
