mean sentiment accuracy = 0.0553, 0.22854719782307592
gpt2 perplexity, gpt2 total perplexity = 30.980828679849242, 26.435038620033
dist-1 = 0.6316792010324611
dist-2 = 0.8331976199946526
dist-3 = 0.8674290632538588
