mean sentiment accuracy = 0.218, 0.4128856179547814
gpt2 perplexity, gpt2 total perplexity = 11.566553982436549, 10.184368596682104
dist-1 = 0.680294749208289
dist-2 = 0.8458477569199886
dist-3 = 0.8640287867680232
