mean sentiment accuracy = 0.9948, 0.0717066708713977
gpt2 perplexity, gpt2 total perplexity = 76.2930595851427, 61.168591681872044
dist-1 = 0.6266043592320671
dist-2 = 0.8501342804758919
dist-3 = 0.8667515720768991
