mean sentiment accuracy = 0.242, 0.42829429134649927
gpt2 perplexity, gpt2 total perplexity = 11.86841462859332, 11.29833442409618
dist-1 = 0.8659731504033655
dist-2 = 0.9568998314119334
dist-3 = 0.9463894085806078
