mean sentiment accuracy = 0.625, 0.46650635094610965
gpt2 perplexity, gpt2 total perplexity = 6.317208948397537, 6.17502578188109
dist-1 = 0.6825114453859467
dist-2 = 0.8256408681472478
dist-3 = 0.8463131190063543
