mean sentiment accuracy = 0.59, 0.49112248841779554
gpt2 perplexity, gpt2 total perplexity = 15.391984955345087, 12.440152647557316
dist-1 = 0.6679505449909965
dist-2 = 0.841150123978793
dist-3 = 0.8582693023222243
