mean sentiment accuracy = 0.09659999999999999, 0.29517439109468446
gpt2 perplexity, gpt2 total perplexity = 26.472376599565067, 23.80913708995548
dist-1 = 0.655374063145712
dist-2 = 0.8589199957353598
dist-3 = 0.8779365193537706
