mean sentiment accuracy = 0.9914000000000001, 0.09233020614441856
gpt2 perplexity, gpt2 total perplexity = 19.82702955250938, 18.035742468469504
dist-1 = 0.7056424752503595
dist-2 = 0.8666222811709314
dist-3 = 0.8719064466700944
