mean sentiment accuracy = 0.29600000000000004, 0.45615435897556067
dist-1 = 0.6585626642847517
dist-2 = 0.7954885700172192
dist-3 = 0.8052285375505676
