mean sentiment accuracy = 0.18156424581005587, 0.3854849808403454
dist-1 = 0.9935678303695065
dist-2 = 0.5026680799027168
dist-3 = 0.3093398842002194
