mean sentiment accuracy = 0.618, 0.48587652752525506
gpt2 perplexity, gpt2 total perplexity = 106.87550279604199, 89.40361588108644
dist-1 = 0.7097814337123735
dist-2 = 0.9180569294995345
dist-3 = 0.9433530914701923
