mean sentiment accuracy = 0.45, 0.49749371855331004
gpt2 perplexity, gpt2 total perplexity = 14.34965313602029, 11.827531474127099
dist-1 = 0.6742439463227999
dist-2 = 0.8382013694561742
dist-3 = 0.8545645310670604
