mean sentiment accuracy = 0.0343, 0.18198849238937248
gpt2 perplexity, gpt2 total perplexity = 66.85339649619587, 58.70586914031475
dist-1 = 0.5949915015053485
dist-2 = 0.8406689189642537
dist-3 = 0.8806049583864506
