mean sentiment accuracy = 0.474, 0.4993235424051224
gpt2 perplexity, gpt2 total perplexity = 7.841664211916232, 7.480988905345933
dist-1 = 0.8651417463497227
dist-2 = 0.9497318532883904
dist-3 = 0.9399734303641131
