mean sentiment accuracy = 0.374, 0.4838636171484688
gpt2 perplexity, gpt2 total perplexity = 8.899057821347464, 8.478520041196118
dist-1 = 0.8706697789957487
dist-2 = 0.9546049643658746
dist-3 = 0.94283822922363
