mean sentiment accuracy = 0.028200000000000003, 0.1655427289117874
gpt2 perplexity, gpt2 total perplexity = 70.58604048881836, 62.17057961601852
dist-1 = 0.5957291123871556
dist-2 = 0.8404379488889575
dist-3 = 0.8827992303296777
