mean sentiment accuracy = 0.25970000000000004, 0.4384698313093738
gpt2 perplexity, gpt2 total perplexity = 8.760495747761968, 8.39357788804878
dist-1 = 0.732085441051897
dist-2 = 0.8967011998558959
dist-3 = 0.9040475406675268
