mean sentiment accuracy = 0.222, 0.41559114523772045
gpt2 perplexity, gpt2 total perplexity = 12.734088325162292, 11.675875285317398
dist-1 = 0.8655930568782219
dist-2 = 0.9566112478088382
dist-3 = 0.9452276993698181
