mean sentiment accuracy = 0.598, 0.4902849791129505
gpt2 perplexity, gpt2 total perplexity = 74.90379012247755, 6.154669169111011
dist-1 = 0.47960064900876354
dist-2 = 0.5172586622165091
dist-3 = 0.5019767548762395
