mean sentiment accuracy = 0.1138, 0.3174782290315893
gpt2 perplexity, gpt2 total perplexity = 12.24044478326036, 11.691244808658087
dist-1 = 0.7185275136670478
dist-2 = 0.8925927245941195
dist-3 = 0.9014523960195157
