mean sentiment accuracy = 0.9962, 0.06097822433389308
gpt2 perplexity, gpt2 total perplexity = 78.20985988564883, 61.97219340535892
dist-1 = 0.6262433501584346
dist-2 = 0.8491935107584705
dist-3 = 0.8662163339903581
