mean sentiment accuracy = 0.99, 0.09949366713510109
gpt2 perplexity, gpt2 total perplexity = 79.48732284628485, 72.89567770716954
dist-1 = 0.6002569677309488
dist-2 = 0.8646993640453998
dist-3 = 0.8934472974879903
