mean sentiment accuracy = 0.492, 0.49993599590347565
gpt2 perplexity, gpt2 total perplexity = 9.557858895311044, 9.180446887064116
dist-1 = 0.8603106253260139
dist-2 = 0.952066607129324
dist-3 = 0.9428743894389907
