mean sentiment accuracy = 0.9919, 0.08949362460523208
gpt2 perplexity, gpt2 total perplexity = 118.71785743033641, 107.87819002695713
dist-1 = 0.567529815705653
dist-2 = 0.8535697413649789
dist-3 = 0.8934561107635449
