mean sentiment accuracy = 0.65, 0.47696960070847283
gpt2 perplexity, gpt2 total perplexity = 8.365663390498002, 8.010594719318915
dist-1 = 0.8645485886003693
dist-2 = 0.9509952554548665
dist-3 = 0.9404189499201249
