mean sentiment accuracy = 0.4918032786885246, 0.49316562506554684
gpt2 perplexity, gpt2 total perplexity = 17.78419877987325, 14.065772761946228
dist-1 = 0.6658410083324916
dist-2 = 0.8330335825796846
dist-3 = 0.8454042489557361
