mean sentiment accuracy = 0.724, 0.4470167782086037
gpt2 perplexity, gpt2 total perplexity = 7.901458599182024, 7.5988439254140046
dist-1 = 0.8619459932867756
dist-2 = 0.9512095156587725
dist-3 = 0.9415045330256488
