mean sentiment accuracy = 0.448, 0.49728864857344174
gpt2 perplexity, gpt2 total perplexity = 161.94323543470156, 134.79003687458967
dist-1 = 0.7108720853093279
dist-2 = 0.9198978449255388
dist-3 = 0.9452663144460974
