mean sentiment accuracy = 0.272, 0.4449898875255482
gpt2 perplexity, gpt2 total perplexity = 19.671325205468033, 18.34190490499845
dist-1 = 0.8512467967908066
dist-2 = 0.9576648082642555
dist-3 = 0.9486282973209297
