mean sentiment accuracy = 0.741, 0.43807222707867666
gpt2 perplexity, gpt2 total perplexity = 14.729166161830053, 12.684480797925543
dist-1 = 0.6730199573274597
dist-2 = 0.8449528703049481
dist-3 = 0.8606562478971439
