mean sentiment accuracy = 0.475, 0.4993746088859545
gpt2 perplexity, gpt2 total perplexity = 16.041317680770867, 13.330972393134381
dist-1 = 0.6740528862663083
dist-2 = 0.84216567869097
dist-3 = 0.8608387513178493
