mean sentiment accuracy = 0.9838, 0.12612200157193137
gpt2 perplexity, gpt2 total perplexity = 35.80009532495793, 33.55257613312548
dist-1 = 0.6704665039687836
dist-2 = 0.8789578180215613
dist-3 = 0.8937971625397928
