mean sentiment accuracy = 0.1304, 0.33662507574757844
gpt2 perplexity, gpt2 total perplexity = 13.08144072949415, 12.369463015407442
dist-1 = 0.7138004107136904
dist-2 = 0.8855228915761131
dist-3 = 0.8935895924688974
