mean sentiment accuracy = 0.166, 0.3720806364217305
gpt2 perplexity, gpt2 total perplexity = 20.605550696642226, 18.706365884493078
dist-1 = 0.8410920037508288
dist-2 = 0.9636651584376276
dist-3 = 0.9541690835765229
