mean sentiment accuracy = 0.9750000000000001, 0.15606050893749085
gpt2 perplexity, gpt2 total perplexity = 22.30594810628022, 21.2225790003363
dist-1 = 0.7131055804150231
dist-2 = 0.8859901108683713
dist-3 = 0.8931255765608035
