mean sentiment accuracy = 0.13, 0.33630343441600474
gpt2 perplexity, gpt2 total perplexity = 16.978848563161176, 15.96203459537392
dist-1 = 0.8514493935767664
dist-2 = 0.9541522577779598
dist-3 = 0.9479980121523102
