gpt2 perplexity, gpt2 total perplexity = 12.411531811697895, 11.563417418130694
avg_max = 0.06932176883733, toxicity prob=0.0085
dist-1 = 0.689453921896209
dist-2 = 0.8443571258290918
dist-3 = 0.8506694366889588