mean sentiment accuracy = 0.9769, 0.14986482329536577
gpt2 perplexity, gpt2 total perplexity = 19.809867152682315, 18.953025001427406
dist-1 = 0.7137721824705254
dist-2 = 0.8956502232504306
dist-3 = 0.9042933867823789
