mean sentiment accuracy = 0.036599999999999994, 0.1876293637331657
gpt2 perplexity, gpt2 total perplexity = 23.023947693894634, 21.53315578260153
dist-1 = 0.7020335323415555
dist-2 = 0.8939857219748343
dist-3 = 0.9032264380252522
