mean sentiment accuracy = 0.406, 0.49108451411136966
gpt2 perplexity, gpt2 total perplexity = 8.395492964790686, 8.036761198474824
dist-1 = 0.8634253867357821
dist-2 = 0.949802123096794
dist-3 = 0.9400105987800365
