mean sentiment accuracy = 0.9428, 0.23221798587085807
gpt2 perplexity, gpt2 total perplexity = 48.926385313431986, 43.787240656725146
dist-1 = 0.5430338040345767
dist-2 = 0.7973123856404967
dist-3 = 0.8467973841107669
