mean sentiment accuracy = 0.704, 0.45649096376598747
gpt2 perplexity, gpt2 total perplexity = 8.281536526649928, 7.8612378696776615
dist-1 = 0.8600456395478328
dist-2 = 0.9484484318342385
dist-3 = 0.9395868194924788
