mean sentiment accuracy = 0.0833, 0.276262537930022
gpt2 perplexity, gpt2 total perplexity = 23.535146987747588, 21.821891531394247
dist-1 = 0.6644636358673143
dist-2 = 0.8717210645472182
dist-3 = 0.890438712585648
