mean sentiment accuracy = 0.53, 0.49909918853871116
gpt2 perplexity, gpt2 total perplexity = 22.26846710695854, 20.17483287391571
dist-1 = 0.7766059314841327
dist-2 = 0.9308397903915115
dist-3 = 0.9425831154468686
