mean sentiment accuracy = 0.4810126582278481, 0.49899662317768995
gpt2 perplexity, gpt2 total perplexity = 198.89887467307355, 125.1988112305504
dist-1 = 0.5219192657531034
dist-2 = 0.7185310356553041
dist-3 = 0.7771598383424642
