mean sentiment accuracy = 0.4405594405594406, 0.4960044151748107
gpt2 perplexity, gpt2 total perplexity = 15.229249318963221, 12.281002479105245
dist-1 = 0.6719449346469214
dist-2 = 0.8342991909104328
dist-3 = 0.8512840176980563
