mean sentiment accuracy = 0.0811, 0.27298807314254236
gpt2 perplexity, gpt2 total perplexity = 23.83587330279424, 22.094024596854545
dist-1 = 0.6643045486005997
dist-2 = 0.8719360118002353
dist-3 = 0.8905943195961956
