mean sentiment accuracy = 0.9888, 0.10516698348076065
gpt2 perplexity, gpt2 total perplexity = 92.10635069115588, 83.89965444386601
dist-1 = 0.5966916368157736
dist-2 = 0.85568287729492
dist-3 = 0.8847382864507275
